Name;ET;DT;MSE;PSNR;QI;SSIM;AEC;BPB;ABCPB;DM
LSB_EOM_k=1_end_msg=G$:+.3;12;9;0.0005983285661354072;80.36140622911677;0.9999998723139355;1.0;0.0005983285661354072;0.0005983285661354072;0.0005983285661354072;0
LSB_SOM_k=1;9;6;0.0005993335973215249;80.35411736896832;0.9999998723112732;1.0;0.0005993335973215249;0.0005993335973215249;0.0005993335973215249;0
chain_LSB_k=0_end_msg=$t3g0;12;7;0.0006184291898577613;80.21790380774311;0.999999868204938;1.0;0.0006184291898577613;0.0006184291898577613;0.0006184291898577613;0
